795638.958429838
762980.573519203
386779.626013721
282803.41691940
426078.181887016
474681.903463064
657674.801042817
335640.390390344
621656.991822846
177858.995707372
552542.793599686
588933.957156596
893434.436548635
828177.547921306
688025.536274745
309990.495382014
116833.338193739
253204.122378962
552892.781518303
135494.33626525
558128.508755767
274282.596811012
227419.449231206
642155.334135641
705595.933174112
594299.848095614
863499.510653307
472711.113747158
894151.487413164
348988.474278045
131098.163856055
473458.12710423
847109.267490399
625325.147368478
746175.98558991
531141.531755020
828160.874100976
286419.399335200
552698.110920876
952581.696079703
149531.21140263
700797.187189887
295605.973353813
184850.610696021
843476.974498872
532374.157242811
576853.864632057
377116.796716134
854655.130216580
267745.366125956
285055.280373068
766365.675056466
928345.974004333
860284.798580909
383031.326320686
510868.457267489
187955.478698298
124016.481953300
363707.858731777
97592.712364160
990046.197733137
970659.405691914
639969.478334787
537354.58100014
232150.104008858
671207.5567179
530318.883789577
608561.270931809
582187.333505364
406722.863095777
137559.411820167
46251.35142903
227384.729357070
333146.248568427
373135.845778344
462723.130028577
176618.157424717
279261.105344885
193558.317448821
424715.490601349
449114.900326371
173408.589311164
413125.93680662
526876.278750663
677801.141506075
352817.10932249
350173.157138056
120552.437931739
767253.78941312
964944.848985300
34321.120737267
630646.687962772
267180.922596715
286894.356684874
248570.946055959
991873.999451979
578353.600665856
103608.905799206
652967.294435570
